        Step,        Time,           U,           T,           H
           0,  0.00000000,-24.66978733,  1.90790684,-22.76188048
        1000,  9.99999978,-42.27156478, 19.46607242,-22.80549236
        2000, 19.99999955,-36.76016432, 14.00084453,-22.75931978
        3000, 29.99999933,-34.33128796, 11.56197219,-22.76931577
        4000, 39.99999911,-35.24336741, 12.47514558,-22.76822183
        5000, 49.99999888,-39.17490235, 16.38836439,-22.78653795
        6000, 59.99999866,-38.65450174, 15.89748135,-22.75702039
        7000, 69.99999844,-32.97612122, 10.20661885,-22.76950237
        8000, 79.99999821,-34.25151133, 11.50239834,-22.74911299
        9000, 89.99999799,-38.70170239, 15.94456508,-22.75713731
       10000, 99.99999776,-36.50531139, 13.74639777,-22.75891362
       11000,109.99999754,-36.09600455, 13.35382479,-22.74217976
       12000,119.99999732,-35.15792771, 12.42984900,-22.72807871
       13000,129.99999709,-33.43209873, 10.67696901,-22.75512972
       14000,139.99999687,-37.06537691, 14.27791273,-22.78746418
       15000,149.99999665,-34.96656692, 12.21968432,-22.74688260
       16000,159.99999642,-35.85653514, 13.10706142,-22.74947372
       17000,169.99999620,-34.73589331, 11.99278264,-22.74311067
       18000,179.99999598,-37.54053914, 14.80868397,-22.73185517
       19000,189.99999575,-37.02616861, 14.28616751,-22.74000111
       20000,199.99999553,-35.70084706, 12.97453525,-22.72631182
       21000,209.99999531,-40.28603258, 17.55563307,-22.73039951
       22000,219.99999508,-34.81694746, 12.08852407,-22.72842339
       23000,229.99999486,-34.44878268, 11.71649159,-22.73229110
       24000,239.99999464,-35.38010201, 12.64753520,-22.73256681
       25000,249.99999441,-36.64024299, 13.89469600,-22.74554699
       26000,259.99999419,-36.84405087, 14.10681818,-22.73723269
       27000,269.99999397,-35.35116103, 12.59371750,-22.75744354
       28000,279.99999374,-42.03842720, 19.28233481,-22.75609239
       29000,289.99999352,-35.61383056, 12.87319923,-22.74063133
       30000,299.99999329,-39.07567107, 16.32568077,-22.74999030
       31000,309.99999307,-35.14535448, 12.40245171,-22.74290277
       32000,319.99999285,-37.10564665, 14.36743421,-22.73821244
       33000,329.99999262,-36.20914474, 13.48123635,-22.72790840
       34000,339.99999240,-35.72475111, 13.00325696,-22.72149415
       35000,349.99999218,-38.36435213, 15.63589875,-22.72845339
       36000,359.99999195,-34.74683652, 12.02038771,-22.72644881
       37000,369.99999173,-37.38388060, 14.66136715,-22.72251345
       38000,379.99999151,-36.84688427, 14.11202739,-22.73485688
       39000,389.99999128,-32.77343180, 10.05444774,-22.71898406
       40000,399.99999106,-36.02311291, 13.32168467,-22.70142824
       41000,409.99999084,-37.21307332, 14.48175513,-22.73131818
       42000,419.99999061,-36.67707795, 13.89946412,-22.77761383
       43000,429.99999039,-31.85300063,  9.13810053,-22.71490011
       44000,439.99999017,-37.87709608, 15.14406262,-22.73303346
       45000,449.99998994,-33.61628519, 10.90512619,-22.71115899
       46000,459.99998972,-35.09042453, 12.36917987,-22.72124466
       47000,469.99998949,-39.76869308, 17.03976070,-22.72893238
       48000,479.99998927,-33.45036369, 10.71322222,-22.73714147
       49000,489.99998905,-36.49071195, 13.75036847,-22.74034348
       50000,499.99998882,-35.74255381, 12.99635121,-22.74620260
       51000,509.99998860,-36.23950698, 13.50544051,-22.73406647
       52000,519.99998838,-34.76551902, 12.03844283,-22.72707620
       53000,529.99998815,-35.05252373, 12.32850147,-22.72402225
       54000,539.99998793,-37.19958635, 14.47567723,-22.72390913
       55000,549.99998771,-37.57257257, 14.84360486,-22.72896770
       56000,559.99998748,-33.78386044, 11.08259113,-22.70126931
       57000,569.99998726,-34.65750836, 11.93560413,-22.72190423
       58000,579.99998704,-38.65295975, 15.93399463,-22.71896513
       59000,589.99998681,-35.43703280, 12.72876704,-22.70826576
       60000,599.99998659,-39.62858834, 16.90082314,-22.72776521
       61000,609.99998637,-35.20769535, 12.49128168,-22.71641368
       62000,619.99998614,-35.41906485, 12.70529166,-22.71377319
       63000,629.99998592,-34.07637953, 11.36476085,-22.71161868
       64000,639.99998569,-37.33874880, 14.61158851,-22.72716030
       65000,649.99998547,-33.95843138, 11.26517390,-22.69325748
       66000,659.99998525,-38.96779468, 16.26973194,-22.69806274
       67000,669.99998502,-33.39286406, 10.71081686,-22.68204720
       68000,679.99998480,-36.74880002, 14.03405028,-22.71474975
       69000,689.99998458,-38.47049601, 15.75417278,-22.71632324
       70000,699.99998435,-39.54171159, 16.83884317,-22.70286843
       71000,709.99998413,-36.38090231, 13.67581577,-22.70508654
       72000,719.99998391,-40.02007240, 17.30848248,-22.71158992
       73000,729.99998368,-34.68331332, 12.00223788,-22.68107544
       74000,739.99998346,-35.34494534, 12.66564310,-22.67930224
       75000,749.99998324,-35.70036459, 13.02877014,-22.67159445
       76000,759.99998301,-35.41064227, 12.72409390,-22.68654837
       77000,769.99998279,-39.04419513, 16.34173950,-22.70245563
       78000,779.99998257,-38.44924341, 15.73845302,-22.71079039
       79000,789.99998234,-36.42909481, 13.71965351,-22.70944130
       80000,799.99998212,-34.93862007, 12.25881662,-22.67980345
       81000,809.99998190,-36.74179930, 14.05314665,-22.68865264
       82000,819.99998167,-35.11237680, 12.43245852,-22.67991828
       83000,829.99998145,-33.63251500, 10.94979169,-22.68272331
       84000,839.99998122,-38.53211415, 15.83789457,-22.69421958
       85000,849.99998100,-35.90171555, 13.23895679,-22.66275876
       86000,859.99998078,-35.68569764, 13.01206138,-22.67363626
       87000,869.99998055,-39.60242139, 16.89882852,-22.70359287
       88000,879.99998033,-38.51030098, 15.80158820,-22.70871278
       89000,889.99998011,-38.92804649, 16.22996187,-22.69808462
       90000,899.99997988,-36.05678262, 13.35647192,-22.70031069
       91000,909.99997966,-38.72131456, 16.02739369,-22.69392087
       92000,919.99997944,-37.25397329, 14.56377543,-22.69019787
       93000,929.99997921,-37.99562793, 15.28555145,-22.71007647
       94000,939.99997899,-35.61990750, 12.93160314,-22.68830436
       95000,949.99997877,-37.62201265, 14.91800876,-22.70400389
       96000,959.99997854,-33.34238594, 10.66868661,-22.67369933
       97000,969.99997832,-39.31873516, 16.64114341,-22.67759174
       98000,979.99997810,-34.98533377, 12.30933524,-22.67599853
       99000,989.99997787,-36.59208588, 13.90883313,-22.68325275
      100000,999.99997765,-36.79231380, 14.13937252,-22.65294128
      101000,1009.99997742,-36.47547226, 13.78871418,-22.68675807
      102000,1019.99997720,-35.00849498, 12.33585283,-22.67264214
      103000,1029.99997698,-34.83643112, 12.17133899,-22.66509212
      104000,1039.99997675,-34.34553332, 11.68165705,-22.66387627
      105000,1049.99997653,-38.50991607, 15.84893624,-22.66097983
      106000,1059.99997631,-37.15292985, 14.48658893,-22.66634092
      107000,1069.99997608,-35.95398636, 13.28175719,-22.67222917
      108000,1079.99997586,-35.64677210, 12.97990950,-22.66686260
      109000,1089.99997564,-32.92462307, 10.25290046,-22.67172261
      110000,1099.99997541,-34.63317003, 11.96070272,-22.67246731
      111000,1109.99997519,-31.75165678,  9.09363151,-22.65802526
      112000,1119.99997497,-34.46270959, 11.80002443,-22.66268516
      113000,1129.99997474,-36.65704828, 13.99994876,-22.65709952
      114000,1139.99997452,-37.96489834, 15.32411493,-22.64078342
      115000,1149.99997430,-38.46831663, 15.79842535,-22.66989128
      116000,1159.99997407,-37.31900489, 14.63243024,-22.68657465
      117000,1169.99997385,-35.08504284, 12.43016379,-22.65487905
      118000,1179.99997362,-33.42041712, 10.74676756,-22.67364955
      119000,1189.99997340,-34.79628627, 12.11792147,-22.67836480
      120000,1199.99997318,-34.88489148, 12.22166757,-22.66322390
      121000,1209.99997295,-30.90460204,  8.25743578,-22.64716626
      122000,1219.99997273,-36.85439193, 14.18797893,-22.66641300
      123000,1229.99997251,-38.62585318, 15.95313881,-22.67271438
      124000,1239.99997228,-34.90128791, 12.22544184,-22.67584607
      125000,1249.99997206,-34.57310652, 11.90978184,-22.66332468
      126000,1259.99997184,-36.14890965, 13.45302735,-22.69588230
      127000,1269.99997161,-37.79639222, 15.11643025,-22.67996197
      128000,1279.99997139,-39.25371424, 16.57523092,-22.67848333
      129000,1289.99997117,-36.39912687, 13.72869758,-22.67042929
      130000,1299.99997094,-36.29516854, 13.63050583,-22.66466271
      131000,1309.99997072,-39.27506551, 16.59867080,-22.67639472
      132000,1319.99997050,-35.35178058, 12.69736420,-22.65441639
      133000,1329.99997027,-39.48698041, 16.82104736,-22.66593306
      134000,1339.99997005,-34.48997099, 11.83546565,-22.65450534
      135000,1349.99996983,-37.10382965, 14.44470218,-22.65912747
      136000,1359.99996960,-37.77900516, 15.11663437,-22.66237079
      137000,1369.99996938,-35.67361435, 12.99490446,-22.67870989
      138000,1379.99996915,-35.75334496, 13.08500858,-22.66833639
      139000,1389.99996893,-36.95957899, 14.28448777,-22.67509123
      140000,1399.99996871,-38.18561905, 15.52709986,-22.65851918
      141000,1409.99996848,-33.47353883, 10.82156611,-22.65197272
      142000,1419.99996826,-36.94187411, 14.29716576,-22.64470834
      143000,1429.99996804,-35.10599341, 12.43216076,-22.67383264
      144000,1439.99996781,-35.64679823, 13.00109619,-22.64570204
      145000,1449.99996759,-34.29876673, 11.65804725,-22.64071948
      146000,1459.99996737,-37.37553535, 14.75371881,-22.62181654
      147000,1469.99996714,-36.32364232, 13.69945124,-22.62419108
      148000,1479.99996692,-33.52809944, 10.89473473,-22.63336471
      149000,1489.99996670,-36.60974608, 13.96019934,-22.64954674
      150000,1499.99996647,-36.03054471, 13.38064300,-22.64990171
      151000,1509.99996625,-40.08056892, 17.42583024,-22.65473868
      152000,1519.99996603,-37.41212002, 14.77716801,-22.63495200
      153000,1529.99996580,-35.20805764, 12.56686312,-22.64119452
      154000,1539.99996558,-36.11539452, 13.49664851,-22.61874601
      155000,1549.99996535,-33.67465146, 11.05748892,-22.61716253
      156000,1559.99996513,-33.30010418, 10.67541298,-22.62469120
      157000,1569.99996491,-33.42843448, 10.77797159,-22.65046289
      158000,1579.99996468,-37.23575384, 14.59494698,-22.64080686
      159000,1589.99996446,-35.89795345, 13.24547429,-22.65247916
      160000,1599.99996424,-39.21380598, 16.57752398,-22.63628200
      161000,1609.99996401,-37.93961982, 15.28374847,-22.65587136
      162000,1619.99996379,-34.87271214, 12.22011739,-22.65259475
      163000,1629.99996357,-36.47198392, 13.84114334,-22.63084058
      164000,1639.99996334,-34.40450281, 11.77125463,-22.63324818
      165000,1649.99996312,-33.52116090, 10.87010502,-22.65105588
      166000,1659.99996290,-38.17083145, 15.51894552,-22.65188593
      167000,1669.99996267,-36.74892389, 14.09436108,-22.65456281
      168000,1679.99996245,-38.03927644, 15.39002633,-22.64925011
      169000,1689.99996223,-36.76014619, 14.10003245,-22.66011374
      170000,1699.99996200,-35.88090517, 13.21946622,-22.66143895
      171000,1709.99996178,-37.55351572, 14.90508538,-22.64843034
      172000,1719.99996156,-35.22661406, 12.58110786,-22.64550620
      173000,1729.99996133,-38.45805274, 15.78881926,-22.66923348
      174000,1739.99996111,-35.57678981, 12.92846071,-22.64832910
      175000,1749.99996088,-37.31501412, 14.67740927,-22.63760485
      176000,1759.99996066,-38.08851964, 15.42754570,-22.66097394
      177000,1769.99996044,-36.22339354, 13.58901142,-22.63438212
      178000,1779.99996021,-36.07516559, 13.43099752,-22.64416807
      179000,1789.99995999,-35.53484086, 12.91045385,-22.62438701
      180000,1799.99995977,-36.58496354, 13.96897446,-22.61598908
      181000,1809.99995954,-36.32910213, 13.70087646,-22.62822567
      182000,1819.99995932,-36.46375865, 13.82403463,-22.63972403
      183000,1829.99995910,-35.19039199, 12.57001975,-22.62037224
      184000,1839.99995887,-33.78494024, 11.15849612,-22.62644411
      185000,1849.99995865,-33.40299224, 10.81224253,-22.59074970
      186000,1859.99995843,-36.39603200, 13.76521810,-22.63081390
      187000,1869.99995820,-33.76961084, 11.15015779,-22.61945305
      188000,1879.99995798,-33.06182667, 10.45757296,-22.60425371
      189000,1889.99995776,-37.11311650, 14.48669791,-22.62641860
      190000,1899.99995753,-36.13306123, 13.53091105,-22.60215018
      191000,1909.99995731,-38.48476781, 15.86398121,-22.62078659
      192000,1919.99995708,-33.78046101, 11.16994593,-22.61051508
      193000,1929.99995686,-36.78317739, 14.18475011,-22.59842728
      194000,1939.99995664,-35.60196345, 12.99449870,-22.60746475
      195000,1949.99995641,-36.75441359, 14.14747827,-22.60693533
      196000,1959.99995619,-36.32679603, 13.72017160,-22.60662443
      197000,1969.99995597,-33.78624667, 11.19024780,-22.59599887
      198000,1979.99995574,-36.92801093, 14.33517658,-22.59283435
      199000,1989.99995552,-33.91616869, 11.32058986,-22.59557883
      200000,1999.99995530,-36.61973862, 14.01174141,-22.60799722
      201000,2009.99995507,-34.26332306, 11.66558487,-22.59773820
      202000,2019.99995485,-36.28769626, 13.66066203,-22.62703423
      203000,2029.99995463,-36.85675433, 14.26889948,-22.58785485
      204000,2039.99995440,-36.29885117, 13.70323077,-22.59562040
      205000,2049.99995418,-38.58094974, 15.99118597,-22.58976377
      206000,2059.99995396,-41.17618311, 18.55453026,-22.62165284
      207000,2069.99995373,-36.02270975, 13.43940457,-22.58330518
      208000,2079.99995351,-37.87981411, 15.30072460,-22.57908950
      209000,2089.99995328,-40.80036070, 18.18254504,-22.61781566
      210000,2099.99995306,-31.07077542,  8.51169418,-22.55908124
      211000,2109.99995284,-36.39132069, 13.81224813,-22.57907256
      212000,2119.99995261,-33.60602191, 11.03539007,-22.57063184
      213000,2129.99995239,-38.86467286, 16.26457172,-22.60010114
      214000,2139.99995217,-35.33867707, 12.75604425,-22.58263283
      215000,2149.99995194,-33.86810378, 11.28544460,-22.58265917
      216000,2159.99995172,-36.33384013, 13.73871295,-22.59512718
      217000,2169.99995150,-37.85700403, 15.27095600,-22.58604803
      218000,2179.99995127,-35.60683735, 13.02695317,-22.57988418
      219000,2189.99995105,-38.64799280, 16.03928988,-22.60870292
      220000,2199.99995083,-36.96792555, 14.39113209,-22.57679346
      221000,2209.99995060,-37.43647513, 14.84834175,-22.58813338
      222000,2219.99995038,-36.13632896, 13.53113304,-22.60519593
      223000,2229.99995016,-34.90114942, 12.33845058,-22.56269884
      224000,2239.99994993,-37.08678692, 14.50267015,-22.58411678
      225000,2249.99994971,-36.68899048, 14.10604721,-22.58294327
      226000,2259.99994949,-35.71317098, 13.13984574,-22.57332524
      227000,2269.99994926,-35.37378732, 12.79818892,-22.57559841
      228000,2279.99994904,-35.81716547, 13.25698436,-22.56018111
      229000,2289.99994881,-31.75393597,  9.18310626,-22.57082971
      230000,2299.99994859,-38.46032062, 15.88075424,-22.57956637
      231000,2309.99994837,-34.10669714, 11.52778962,-22.57890751
      232000,2319.99994814,-33.82700639, 11.25693745,-22.57006894
      233000,2329.99994792,-39.03600160, 16.46741404,-22.56858756
      234000,2339.99994770,-34.55156723, 11.96130547,-22.59026176
      235000,2349.99994747,-37.61516607, 15.01460025,-22.60056582
      236000,2359.99994725,-35.42346115, 12.84300836,-22.58045279
      237000,2369.99994703,-37.83256661, 15.26471299,-22.56785362
      238000,2379.99994680,-38.63986129, 16.07665308,-22.56320821
      239000,2389.99994658,-36.04554838, 13.47171496,-22.57383341
      240000,2399.99994636,-38.86143411, 16.28567705,-22.57575706
      241000,2409.99994613,-34.72019438, 12.15163956,-22.56855482
      242000,2419.99994591,-38.53358287, 15.95838099,-22.57520188
      243000,2429.99994569,-34.88428949, 12.32720869,-22.55708080
      244000,2439.99994546,-33.72907929, 11.16208679,-22.56699249
      245000,2449.99994524,-37.34127095, 14.77285736,-22.56841360
      246000,2459.99994501,-41.38325414, 18.78990466,-22.59334949
      247000,2469.99994479,-32.83943981, 10.27412088,-22.56531892
      248000,2479.99994457,-38.21757559, 15.63313731,-22.58443829
      249000,2489.99994434,-35.83540937, 13.25919825,-22.57621112
      250000,2499.99994412,-34.56492654, 11.99376759,-22.57115895
      251000,2509.99994390,-34.24279790, 11.67306647,-22.56973144
      252000,2519.99994367,-35.58523092, 13.01420291,-22.57102801
      253000,2529.99994345,-35.01149088, 12.41648434,-22.59500654
      254000,2539.99994323,-33.38596217, 10.81118629,-22.57477588
      255000,2549.99994300,-37.01302819, 14.43302976,-22.57999843
      256000,2559.99994278,-35.90866106, 13.32284866,-22.58581239
      257000,2569.99994256,-32.81666078, 10.23255486,-22.58410593
      258000,2579.99994233,-38.18072363, 15.59013678,-22.59058685
      259000,2589.99994211,-38.74413463, 16.16684661,-22.57728802
      260000,2599.99994189,-36.71945402, 14.13722122,-22.58223280
      261000,2609.99994166,-40.80451726, 18.20886358,-22.59565368
      262000,2619.99994144,-35.44710022, 12.85651565,-22.59058457
      263000,2629.99994121,-36.59285136, 14.00461663,-22.58823473
      264000,2639.99994099,-36.56161741, 13.96402118,-22.59759623
      265000,2649.99994077,-34.64690075, 12.05214645,-22.59475430
      266000,2659.99994054,-35.75978856, 13.17434073,-22.58544782
      267000,2669.99994032,-33.69597473, 11.11987165,-22.57610308
      268000,2679.99994010,-39.19239762, 16.61412200,-22.57827561
      269000,2689.99993987,-33.30483859, 10.71510663,-22.58973195
      270000,2699.99993965,-36.52091417, 13.91148036,-22.60943381
      271000,2709.99993943,-33.83630192, 11.25731297,-22.57898895
      272000,2719.99993920,-35.27055452, 12.70504688,-22.56550764
      273000,2729.99993898,-36.75842484, 14.19599185,-22.56243298
      274000,2739.99993876,-34.73357707, 12.16518165,-22.56839543
      275000,2749.99993853,-36.83556924, 14.25837604,-22.57719320
      276000,2759.99993831,-37.49012739, 14.92480178,-22.56532561
      277000,2769.99993809,-33.23345276, 10.66789317,-22.56555960
      278000,2779.99993786,-39.17206662, 16.59404373,-22.57802289
      279000,2789.99993764,-37.30822246, 14.73367104,-22.57455142
      280000,2799.99993742,-34.44045333, 11.88842227,-22.55203106
      281000,2809.99993719,-36.98159728, 14.41999017,-22.56160711
      282000,2819.99993697,-36.19989248, 13.64975897,-22.55013351
      283000,2829.99993674,-39.18784490, 16.62017410,-22.56767081
      284000,2839.99993652,-35.02625304, 12.46394372,-22.56230932
      285000,2849.99993630,-35.06204292, 12.51587789,-22.54616503
      286000,2859.99993607,-33.73990932, 11.20175491,-22.53815441
      287000,2869.99993585,-37.15829137, 14.58493188,-22.57335950
      288000,2879.99993563,-37.13930406, 14.59500841,-22.54429565
      289000,2889.99993540,-33.02430639, 10.49260716,-22.53169923
      290000,2899.99993518,-34.59694225, 12.05370702,-22.54323523
      291000,2909.99993496,-33.53430807, 10.99320797,-22.54110009
      292000,2919.99993473,-40.39042548, 17.82200158,-22.56842391
      293000,2929.99993451,-33.72242294, 11.18464697,-22.53777597
      294000,2939.99993429,-36.09219824, 13.54599749,-22.54620075
      295000,2949.99993406,-37.79115658, 15.22085041,-22.57030617
      296000,2959.99993384,-34.97776560, 12.44619484,-22.53157075
      297000,2969.99993362,-36.54109562, 14.00601477,-22.53508085
      298000,2979.99993339,-35.84502679, 13.30878477,-22.53624203
      299000,2989.99993317,-34.62416749, 12.08514051,-22.53902698
      300000,2999.99993294,-40.91099381, 18.36411039,-22.54688341
      301000,3009.99993272,-37.34440845, 14.78656010,-22.55784835
      302000,3019.99993250,-34.72368592, 12.16098415,-22.56270177
      303000,3029.99993227,-39.99292432, 17.41967514,-22.57324918
      304000,3039.99993205,-40.04774852, 17.48352859,-22.56421993
      305000,3049.99993183,-33.90736024, 11.34390012,-22.56346011
      306000,3059.99993160,-34.45796934, 11.91677041,-22.54119893
      307000,3069.99993138,-36.93432489, 14.36828597,-22.56603892
      308000,3079.99993116,-35.44428742, 12.91622946,-22.52805796
      309000,3089.99993093,-38.12548238, 15.57960925,-22.54587313
      310000,3099.99993071,-39.19722917, 16.65065550,-22.54657367
      311000,3109.99993049,-35.85932469, 13.35780072,-22.50152397
      312000,3119.99993026,-36.86439643, 14.30107259,-22.56332383
      313000,3129.99993004,-33.04331520, 10.52037661,-22.52293859
      314000,3139.99992982,-38.93305682, 16.39842566,-22.53463117
      315000,3149.99992959,-33.51414553, 10.98962678,-22.52451875
      316000,3159.99992937,-38.11184150, 15.59079497,-22.52104653
      317000,3169.99992914,-35.57741971, 13.05443177,-22.52298794
      318000,3179.99992892,-34.89355182, 12.37353864,-22.52001318
      319000,3189.99992870,-35.64180476, 13.12425251,-22.51755225
      320000,3199.99992847,-38.30283797, 15.77157207,-22.53126590
      321000,3209.99992825,-35.20691751, 12.68806034,-22.51885717
      322000,3219.99992803,-34.60350965, 12.08484019,-22.51866946
      323000,3229.99992780,-36.49922456, 13.96270373,-22.53652084
      324000,3239.99992758,-37.92170520, 15.38892693,-22.53277827
      325000,3249.99992736,-35.33310501, 12.81532936,-22.51777565
      326000,3259.99992713,-34.77761031, 12.25636968,-22.52124062
      327000,3269.99992691,-36.75947338, 14.23541242,-22.52406096
      328000,3279.99992669,-37.57936763, 15.03905496,-22.54031267
      329000,3289.99992646,-34.96574882, 12.43683576,-22.52891305
      330000,3299.99992624,-40.30940519, 17.77521126,-22.53419393
      331000,3309.99992602,-36.31122190, 13.78893509,-22.52228680
      332000,3319.99992579,-36.45280990, 13.93782351,-22.51498639
      333000,3329.99992557,-38.00980572, 15.48579358,-22.52401215
      334000,3339.99992535,-33.44256707, 10.93529092,-22.50727615
      335000,3349.99992512,-35.15112910, 12.62927005,-22.52185904
      336000,3359.99992490,-36.62033784, 14.10063148,-22.51970636
      337000,3369.99992467,-36.75735829, 14.26546661,-22.49189168
      338000,3379.99992445,-32.74440719, 10.25468345,-22.48972374
      339000,3389.99992423,-35.43004651, 12.94044316,-22.48960335
      340000,3399.99992400,-36.75615657, 14.25651724,-22.49963932
      341000,3409.99992378,-36.07250107, 13.58163192,-22.49086915
      342000,3419.99992356,-33.51582585, 11.04388343,-22.47194241
      343000,3429.99992333,-40.24338892, 17.75160789,-22.49178103
      344000,3439.99992311,-34.28473038, 11.79024681,-22.49448357
      345000,3449.99992289,-33.87892088, 11.40946009,-22.46946079
      346000,3459.99992266,-35.21926338, 12.70479306,-22.51447032
      347000,3469.99992244,-36.95964216, 14.45735584,-22.50228632
      348000,3479.99992222,-38.78374556, 16.27684765,-22.50689791
      349000,3489.99992199,-35.15784200, 12.66005022,-22.49779178
      350000,3499.99992177,-37.50724905, 15.01597825,-22.49127080
      351000,3509.99992155,-35.52162059, 13.02279119,-22.49882940
      352000,3519.99992132,-32.68337941, 10.18741678,-22.49596263
      353000,3529.99992110,-35.31384534, 12.80340253,-22.51044282
      354000,3539.99992087,-36.87426993, 14.36571634,-22.50855360
      355000,3549.99992065,-38.63112299, 16.11906093,-22.51206206
      356000,3559.99992043,-35.42879659, 12.92275406,-22.50604253
      357000,3569.99992020,-35.56260969, 13.06751008,-22.49509960
      358000,3579.99991998,-33.79133921, 11.30455855,-22.48678066
      359000,3589.99991976,-36.38367175, 13.88272988,-22.50094187
      360000,3599.99991953,-35.29098699, 12.79857563,-22.49241135
      361000,3609.99991931,-35.94527096, 13.43500623,-22.51026473
      362000,3619.99991909,-34.51792538, 12.01986845,-22.49805694
      363000,3629.99991886,-35.42007097, 12.90140162,-22.51866935
      364000,3639.99991864,-33.97416239, 11.46894508,-22.50521732
      365000,3649.99991842,-31.49125047,  8.97006853,-22.52118194
      366000,3659.99991819,-33.96573003, 11.43205223,-22.53367780
      367000,3669.99991797,-36.33294706, 13.80535445,-22.52759260
      368000,3679.99991775,-39.24134015, 16.69322419,-22.54811595
      369000,3689.99991752,-36.82802810, 14.29517881,-22.53284929
      370000,3699.99991730,-35.48705024, 12.94726107,-22.53978917
      371000,3709.99991708,-35.76874265, 13.22505463,-22.54368802
      372000,3719.99991685,-35.08428630, 12.54747139,-22.53681492
      373000,3729.99991663,-33.78776824, 11.24551865,-22.54224960
      374000,3739.99991640,-38.83801622, 16.26005099,-22.57796523
      375000,3749.99991618,-36.38831395, 13.83074987,-22.55756408
      376000,3759.99991596,-33.95025630, 11.39451375,-22.55574255
      377000,3769.99991573,-36.55713209, 13.99896110,-22.55817099
      378000,3779.99991551,-32.13109068,  9.56118166,-22.56990902
      379000,3789.99991529,-32.08943874,  9.54116079,-22.54827796
      380000,3799.99991506,-35.82275668, 13.25064367,-22.57211301
      381000,3809.99991484,-38.35438372, 15.77459697,-22.57978675
      382000,3819.99991462,-37.58033961, 14.99277565,-22.58756396
      383000,3829.99991439,-32.91978926, 10.36165459,-22.55813467
      384000,3839.99991417,-38.61572373, 16.02870162,-22.58702211
      385000,3849.99991395,-35.96675447, 13.37893814,-22.58781632
      386000,3859.99991372,-35.91678580, 13.33249008,-22.58429572
      387000,3869.99991350,-40.35847444, 17.72770071,-22.63077373
      388000,3879.99991328,-35.82242310, 13.25236608,-22.57005702
      389000,3889.99991305,-38.01613355, 15.43845277,-22.57768079
      390000,3899.99991283,-38.48090852, 15.89281868,-22.58808985
      391000,3909.99991260,-39.38323585, 16.79717594,-22.58605991
      392000,3919.99991238,-33.91773059, 11.34959824,-22.56813236
      393000,3929.99991216,-37.41543487, 14.83226350,-22.58317137
      394000,3939.99991193,-37.84291986, 15.24869917,-22.59422069
      395000,3949.99991171,-37.83351397, 15.24524168,-22.58827230
      396000,3959.99991149,-34.03951930, 11.46336529,-22.57615401
      397000,3969.99991126,-39.18484373, 16.58998572,-22.59485801
      398000,3979.99991104,-34.49368113, 11.91153845,-22.58214268
      399000,3989.99991082,-33.34436592, 10.76214960,-22.58221631
      400000,3999.99991059,-36.71642093, 14.11130955,-22.60511139
      401000,4009.99991037,-35.23843352, 12.61957745,-22.61885607
      402000,4019.99991015,-37.68487644, 15.08284144,-22.60203499
      403000,4029.99990992,-38.77128750, 16.14003787,-22.63124963
      404000,4039.99990970,-36.81409041, 14.22264601,-22.59144440
      405000,4049.99990948,-38.61822796, 16.00902635,-22.60920161
      406000,4059.99990925,-35.26962725, 12.67894110,-22.59068614
      407000,4069.99990903,-37.73089099, 15.10925965,-22.62163135
      408000,4079.99990880,-33.71815918, 11.11684874,-22.60131044
      409000,4089.99990858,-35.45032682, 12.86051139,-22.58981543
      410000,4099.99990836,-36.28109596, 13.68759167,-22.59350429
      411000,4109.99990813,-34.33335764, 11.76413148,-22.56922616
      412000,4119.99990791,-35.33737427, 12.74361524,-22.59375903
      413000,4129.99990769,-39.09813679, 16.47044986,-22.62768693
      414000,4139.99990746,-35.68732715, 13.09483351,-22.59249364
      415000,4149.99990724,-33.68324563, 11.12454596,-22.55869967
      416000,4159.99990702,-34.68876932, 12.08623284,-22.60253648
      417000,4169.99990679,-36.98348512, 14.38007333,-22.60341179
      418000,4179.99990657,-32.78478733, 10.19855048,-22.58623685
      419000,4189.99990635,-38.22121965, 15.61487615,-22.60634350
      420000,4199.99990612,-37.00621226, 14.41133952,-22.59487274
      421000,4209.99990590,-35.26351264, 12.67622991,-22.58728273
      422000,4219.99990568,-33.83060488, 11.24354295,-22.58706192
      423000,4229.99990545,-38.09570839, 15.45097552,-22.64473287
      424000,4239.99990523,-35.41153365, 12.81804397,-22.59348968
      425000,4249.99990501,-38.84225146, 16.24562095,-22.59663052
      426000,4259.99990478,-35.09097968, 12.48178143,-22.60919826
      427000,4269.99990456,-38.44206652, 15.82247247,-22.61959405
      428000,4279.99990433,-37.34300704, 14.74560886,-22.59739818
      429000,4289.99990411,-32.77551778, 10.18692573,-22.58859205
      430000,4299.99990389,-34.96471404, 12.36467851,-22.60003553
      431000,4309.99990366,-38.42024733, 15.81044424,-22.60980310
      432000,4319.99990344,-34.58667934, 11.99327229,-22.59340705
      433000,4329.99990322,-36.78900141, 14.19570510,-22.59329632
      434000,4339.99990299,-38.15254793, 15.52561882,-22.62692911
      435000,4349.99990277,-37.33641494, 14.70462600,-22.63178894
      436000,4359.99990255,-34.62669441, 12.01893920,-22.60775521
      437000,4369.99990232,-40.71565666, 18.06940163,-22.64625503
      438000,4379.99990210,-36.66509931, 14.05632810,-22.60877121
      439000,4389.99990188,-35.25399031, 12.64750654,-22.60648377
      440000,4399.99990165,-34.62726720, 12.01215003,-22.61511717
      441000,4409.99990143,-36.32285050, 13.69581550,-22.62703499
      442000,4419.99990121,-37.36761747, 14.73629349,-22.63132398
      443000,4429.99990098,-34.37945762, 11.77094240,-22.60851522
      444000,4439.99990076,-37.34460891, 14.71930738,-22.62530153
      445000,4449.99990053,-38.20113456, 15.59020520,-22.61092936
      446000,4459.99990031,-35.90170902, 13.29304550,-22.60866352
      447000,4469.99990009,-33.37524904, 10.74777022,-22.62747882
      448000,4479.99989986,-37.38462670, 14.77043566,-22.61419104
      449000,4489.99989964,-36.06156281, 13.43689183,-22.62467098
      450000,4499.99989942,-37.15673637, 14.53023283,-22.62650354
      451000,4509.99989919,-36.16553071, 13.54997836,-22.61555235
      452000,4519.99989897,-34.42956114, 11.81816009,-22.61140105
      453000,4529.99989875,-33.92352131, 11.29936297,-22.62415834
      454000,4539.99989852,-35.22480419, 12.62018576,-22.60461842
      455000,4549.99989830,-36.18314480, 13.57869444,-22.60445036
      456000,4559.99989808,-37.99598337, 15.38867111,-22.60731226
      457000,4569.99989785,-36.64268128, 14.05524293,-22.58743835
      458000,4579.99989763,-34.91099734, 12.31107317,-22.59992417
      459000,4589.99989741,-36.09948162, 13.47671720,-22.62276442
      460000,4599.99989718,-34.43047341, 11.82626320,-22.60421021
      461000,4609.99989696,-35.42774620, 12.82649367,-22.60125253
      462000,4619.99989673,-36.31415359, 13.70897237,-22.60518122
      463000,4629.99989651,-39.00417658, 16.38438692,-22.61978967
      464000,4639.99989629,-36.65481909, 14.04320985,-22.61160924
      465000,4649.99989606,-35.88492920, 13.26581378,-22.61911541
      466000,4659.99989584,-34.44446335, 11.84771515,-22.59674820
      467000,4669.99989562,-35.75247835, 13.11094676,-22.64153159
      468000,4679.99989539,-35.10483676, 12.49570476,-22.60913200
      469000,4689.99989517,-36.27316107, 13.67855232,-22.59460875
      470000,4699.99989495,-30.85595064,  8.24417771,-22.61177293
      471000,4709.99989472,-37.01813227, 14.40598068,-22.61215159
      472000,4719.99989450,-36.18609543, 13.58322918,-22.60286625
      473000,4729.99989428,-32.56505408,  9.96387187,-22.60118221
      474000,4739.99989405,-36.64250019, 14.03143057,-22.61106962
      475000,4749.99989383,-33.06553881, 10.47384663,-22.59169218
      476000,4759.99989361,-37.32600849, 14.72328307,-22.60272542
      477000,4769.99989338,-38.80277620, 16.18255097,-22.62022523
      478000,4779.99989316,-36.90789410, 14.29098663,-22.61690747
      479000,4789.99989294,-39.30821934, 16.68884240,-22.61937694
      480000,4799.99989271,-35.73605914, 13.10727201,-22.62878713
      481000,4809.99989249,-38.78593965, 16.17076940,-22.61517024
      482000,4819.99989226,-37.60573039, 14.99056243,-22.61516795
      483000,4829.99989204,-35.35659666, 12.72958873,-22.62700792
      484000,4839.99989182,-36.84786417, 14.24877150,-22.59909267
      485000,4849.99989159,-39.31966715, 16.71428387,-22.60538328
      486000,4859.99989137,-36.79875822, 14.16444747,-22.63431075
      487000,4869.99989115,-36.09462729, 13.47480800,-22.61981929
      488000,4879.99989092,-35.30554106, 12.69225269,-22.61328837
      489000,4889.99989070,-33.96218653, 11.35029894,-22.61188758
      490000,4899.99989048,-37.99725594, 15.38105067,-22.61620526
      491000,4909.99989025,-38.21935385, 15.59113359,-22.62822026
      492000,4919.99989003,-33.64195903, 11.02512127,-22.61683775
      493000,4929.99988981,-34.46972712, 11.84975795,-22.61996917
      494000,4939.99988958,-35.48391263, 12.84424359,-22.63966904
      495000,4949.99988936,-36.29391702, 13.67673831,-22.61717872
      496000,4959.99988914,-36.66843333, 14.05254161,-22.61589172
      497000,4969.99988891,-35.31977508, 12.69424928,-22.62552580
      498000,4979.99988869,-37.16723439, 14.55930959,-22.60792480
      499000,4989.99988846,-33.94323907, 11.35063826,-22.59260081
      500000,4999.99988824,-34.73637659, 12.13570655,-22.60067004
      501000,5009.99988802,-35.08284212, 12.47127249,-22.61156964
      502000,5019.99988779,-34.47244799, 11.86401349,-22.60843451
      503000,5029.99988757,-36.62972643, 14.02474956,-22.60497687
      504000,5039.99988735,-38.34963098, 15.73378870,-22.61584228
      505000,5049.99988712,-37.67547503, 15.07980552,-22.59566951
      506000,5059.99988690,-37.72557828, 15.13015800,-22.59542029
      507000,5069.99988668,-39.37324293, 16.78116320,-22.59207973
      508000,5079.99988645,-35.82681568, 13.23816418,-22.58865150
      509000,5089.99988623,-36.27380426, 13.69157572,-22.58222854
      510000,5099.99988601,-36.20950470, 13.63526756,-22.57423714
      511000,5109.99988578,-36.51995810, 13.95053866,-22.56941943
      512000,5119.99988556,-37.38469763, 14.81619449,-22.56850314
      513000,5129.99988534,-33.35402710, 10.78661499,-22.56741211
      514000,5139.99988511,-34.95048556, 12.37040637,-22.58007919
      515000,5149.99988489,-37.86813126, 15.30337069,-22.56476057
      516000,5159.99988467,-36.84091489, 14.26770800,-22.57320689
      517000,5169.99988444,-34.86276819, 12.31778352,-22.54498467
      518000,5179.99988422,-34.63550070, 12.08071036,-22.55479034
      519000,5189.99988399,-36.06382431, 13.52456502,-22.53925929
      520000,5199.99988377,-39.69383316, 17.15712920,-22.53670397
      521000,5209.99988355,-35.73077222, 13.21673984,-22.51403238
      522000,5219.99988332,-38.73340414, 16.17927757,-22.55412657
      523000,5229.99988310,-38.42423057, 15.89628631,-22.52794426
      524000,5239.99988288,-35.14899649, 12.62229688,-22.52669961
      525000,5249.99988265,-33.45935372, 10.90038069,-22.55897303
      526000,5259.99988243,-33.07709317, 10.55512432,-22.52196886
      527000,5269.99988221,-40.34887983, 17.82695645,-22.52192337
      528000,5279.99988198,-34.63378989, 12.09805736,-22.53573253
      529000,5289.99988176,-34.99066287, 12.45931467,-22.53134820
      530000,5299.99988154,-38.35797031, 15.82156972,-22.53640058
      531000,5309.99988131,-36.18421062, 13.64906566,-22.53514496
      532000,5319.99988109,-32.76891937, 10.24869339,-22.52022599
      533000,5329.99988087,-37.65851102, 15.13046233,-22.52804869
      534000,5339.99988064,-36.16992617, 13.62467335,-22.54525282
      535000,5349.99988042,-38.29910584, 15.76993393,-22.52917192
      536000,5359.99988019,-35.87649354, 13.34199133,-22.53450221
      537000,5369.99987997,-34.16616403, 11.64269873,-22.52346529
      538000,5379.99987975,-32.56289134, 10.08352997,-22.47936137
      539000,5389.99987952,-37.08204618, 14.56275383,-22.51929235
      540000,5399.99987930,-35.86597597, 13.33996940,-22.52600657
      541000,5409.99987908,-35.73756389, 13.18262495,-22.55493894
      542000,5419.99987885,-36.01667796, 13.46970377,-22.54697419
      543000,5429.99987863,-37.11964796, 14.57626270,-22.54338526
      544000,5439.99987841,-35.52112715, 12.98527121,-22.53585594
      545000,5449.99987818,-38.01394652, 15.46883143,-22.54511509
      546000,5459.99987796,-34.08819109, 11.54585819,-22.54233290
      547000,5469.99987774,-33.50735819, 10.96904832,-22.53830987
      548000,5479.99987751,-39.12331850, 16.61945933,-22.50385917
      549000,5489.99987729,-35.75073641, 13.23500297,-22.51573343
      550000,5499.99987707,-32.92845137, 10.42869485,-22.49975652
      551000,5509.99987684,-36.90899881, 14.40863218,-22.50036663
      552000,5519.99987662,-40.79482648, 18.26001568,-22.53481080
      553000,5529.99987639,-36.10958047, 13.60039597,-22.50918450
      554000,5539.99987617,-34.76680236, 12.26877557,-22.49802678
      555000,5549.99987595,-35.65526637, 13.14400004,-22.51126633
      556000,5559.99987572,-35.65230426, 13.15832127,-22.49398299
      557000,5569.99987550,-37.49613208, 14.98434962,-22.51178247
      558000,5579.99987528,-32.07961397,  9.59737092,-22.48224305
      559000,5589.99987505,-37.37451695, 14.88529165,-22.48922530
      560000,5599.99987483,-35.32413619, 12.81084016,-22.51329603
      561000,5609.99987461,-33.99756998, 11.53653840,-22.46103158
      562000,5619.99987438,-36.32188437, 13.82831591,-22.49356846
      563000,5629.99987416,-33.18426629, 10.71447628,-22.46979000
      564000,5639.99987394,-34.23350721, 11.75180214,-22.48170506
      565000,5649.99987371,-36.84963086, 14.36487013,-22.48476073
      566000,5659.99987349,-34.57461800, 12.10697656,-22.46764144
      567000,5669.99987327,-36.69665068, 14.21055210,-22.48609858
      568000,5679.99987304,-36.77983188, 14.28601836,-22.49381352
      569000,5689.99987282,-35.51911337, 13.05672116,-22.46239221
      570000,5699.99987260,-35.78924357, 13.30749849,-22.48174508
      571000,5709.99987237,-34.61782588, 12.18396843,-22.43385745
      572000,5719.99987215,-36.49507872, 14.04112922,-22.45394950
      573000,5729.99987192,-35.27659244, 12.83190920,-22.44468323
      574000,5739.99987170,-35.67018067, 13.22761225,-22.44256842
      575000,5749.99987148,-34.40239488, 11.94584060,-22.45655427
      576000,5759.99987125,-35.43109644, 12.97299367,-22.45810277
      577000,5769.99987103,-37.47414939, 14.99445798,-22.47969141
      578000,5779.99987081,-39.11065632, 16.64031368,-22.47034263
      579000,5789.99987058,-35.70959789, 13.24153414,-22.46806375
      580000,5799.99987036,-31.55591574,  9.13620988,-22.41970586
      581000,5809.99987014,-35.54958215, 13.10559477,-22.44398738
      582000,5819.99986991,-36.84721361, 14.36433580,-22.48287782
      583000,5829.99986969,-37.11613521, 14.63544030,-22.48069491
      584000,5839.99986947,-36.45187387, 13.98290923,-22.46896464
      585000,5849.99986924,-36.44885518, 13.98660934,-22.46224585
      586000,5859.99986902,-34.20002807, 11.74783744,-22.45219063
      587000,5869.99986880,-35.38621287, 12.92478848,-22.46142438
      588000,5879.99986857,-34.71165479, 12.27891688,-22.43273790
      589000,5889.99986835,-34.18993166, 11.72271614,-22.46721552
      590000,5899.99986812,-35.74783014, 13.27393537,-22.47389477
      591000,5909.99986790,-38.46174252, 16.00277321,-22.45896931
      592000,5919.99986768,-36.68246013, 14.22168691,-22.46077322
      593000,5929.99986745,-33.82038467, 11.37728096,-22.44310372
      594000,5939.99986723,-38.97219539, 16.52852562,-22.44366976
      595000,5949.99986701,-35.09762009, 12.65410577,-22.44351432
      596000,5959.99986678,-33.43849652, 11.00089492,-22.43760159
      597000,5969.99986656,-36.72648230, 14.28909517,-22.43738713
      598000,5979.99986634,-36.16119781, 13.72546828,-22.43572953
      599000,5989.99986611,-33.54666542, 11.11322929,-22.43343613
      600000,5999.99986589,-38.00389597, 15.55586186,-22.44803412
      601000,6009.99986567,-33.65253496, 11.20654926,-22.44598569
      602000,6019.99986544,-33.89454317, 11.41016219,-22.48438098
      603000,6029.99986522,-36.49947869, 14.04510234,-22.45437635
      604000,6039.99986500,-33.27586800, 10.79209020,-22.48377780
      605000,6049.99986477,-37.72147118, 15.26671508,-22.45475610
      606000,6059.99986455,-34.06909117, 11.61542181,-22.45366936
      607000,6069.99986432,-37.16965114, 14.71032774,-22.45932340
      608000,6079.99986410,-35.88202345, 13.43134227,-22.45068117
      609000,6089.99986388,-35.62670190, 13.18609541,-22.44060648
      610000,6099.99986365,-35.84823526, 13.38605953,-22.46217573
      611000,6109.99986343,-38.48695370, 16.03466330,-22.45229040
      612000,6119.99986321,-37.67280559, 15.23543019,-22.43737540
      613000,6129.99986298,-33.66928477, 11.22561085,-22.44367392
      614000,6139.99986276,-35.98142497, 13.53269957,-22.44872540
      615000,6149.99986254,-34.10668092, 11.68863154,-22.41804938
      616000,6159.99986231,-34.62449605, 12.17889111,-22.44560494
      617000,6169.99986209,-38.33503469, 15.89980858,-22.43522611
      618000,6179.99986187,-34.44779703, 12.02423838,-22.42355865
      619000,6189.99986164,-36.15807431, 13.72040001,-22.43767429
      620000,6199.99986142,-34.56724273, 12.13116316,-22.43607957
      621000,6209.99986120,-35.06506213, 12.63727736,-22.42778476
      622000,6219.99986097,-36.50161794, 14.07543182,-22.42618612
      623000,6229.99986075,-37.78596935, 15.34273090,-22.44323845
      624000,6239.99986053,-36.70129474, 14.26325839,-22.43803635
      625000,6249.99986030,-35.91496572, 13.48358832,-22.43137740
      626000,6259.99986008,-36.93157317, 14.49436182,-22.43721136
      627000,6269.99985985,-32.48003541, 10.04218902,-22.43784639
      628000,6279.99985963,-33.20118489, 10.76934934,-22.43183555
      629000,6289.99985941,-38.57007350, 16.11360388,-22.45646962
      630000,6299.99985918,-33.40047238, 10.94904489,-22.45142750
      631000,6309.99985896,-37.03004168, 14.58171684,-22.44832484
      632000,6319.99985874,-35.17573209, 12.71818020,-22.45755189
      633000,6329.99985851,-38.46642676, 16.00541094,-22.46101582
      634000,6339.99985829,-37.85735158, 15.39469194,-22.46265964
      635000,6349.99985807,-37.94426168, 15.47566776,-22.46859393
      636000,6359.99985784,-36.22255349, 13.74977740,-22.47277609
      637000,6369.99985762,-35.49058016, 13.03532193,-22.45525823
      638000,6379.99985740,-32.87667073, 10.40649584,-22.47017490
      639000,6389.99985717,-35.62133548, 13.14368182,-22.47765366
      640000,6399.99985695,-36.46637498, 13.99197033,-22.47440465
      641000,6409.99985673,-38.59140436, 16.10973513,-22.48166923
      642000,6419.99985650,-34.04174646, 11.56970943,-22.47203703
      643000,6429.99985628,-35.62910941, 13.15397596,-22.47513345
      644000,6439.99985605,-41.44588834, 18.96321655,-22.48267179
      645000,6449.99985583,-36.97897901, 14.49257011,-22.48640891
      646000,6459.99985561,-36.61568929, 14.13372888,-22.48196040
      647000,6469.99985538,-38.64480588, 16.16071750,-22.48408838
      648000,6479.99985516,-34.32881116, 11.86617038,-22.46264077
      649000,6489.99985494,-34.72726140, 12.21444220,-22.51281920
      650000,6499.99985471,-35.89871750, 13.41504593,-22.48367158
      651000,6509.99985449,-36.12590209, 13.61540270,-22.51049939
      652000,6519.99985427,-35.21306348, 12.71687329,-22.49619019
      653000,6529.99985404,-33.52992165, 11.05166835,-22.47825330
      654000,6539.99985382,-34.95178018, 12.46542150,-22.48635868
      655000,6549.99985360,-35.44201865, 12.94342061,-22.49859803
      656000,6559.99985337,-33.09138974, 10.59278867,-22.49860107
      657000,6569.99985315,-34.86886288, 12.38129880,-22.48756408
      658000,6579.99985293,-36.86212537, 14.32697402,-22.53515135
      659000,6589.99985270,-37.04655525, 14.54008777,-22.50646749
      660000,6599.99985248,-37.46683598, 14.94691951,-22.51991647
      661000,6609.99985225,-36.27058596, 13.76930639,-22.50127958
      662000,6619.99985203,-36.46776132, 13.93353256,-22.53422876
      663000,6629.99985181,-31.13488220,  8.64251338,-22.49236882
      664000,6639.99985158,-35.91537674, 13.42834121,-22.48703554
      665000,6649.99985136,-41.76578220, 19.25499594,-22.51078625
      666000,6659.99985114,-36.32289941, 13.83480921,-22.48809020
      667000,6669.99985091,-30.91101757,  8.42945092,-22.48156664
      668000,6679.99985069,-37.61812654, 15.12039008,-22.49773646
      669000,6689.99985047,-39.59745505, 17.09764019,-22.49981485
      670000,6699.99985024,-32.44467816,  9.95470466,-22.48997350
      671000,6709.99985002,-31.77053932,  9.30737099,-22.46316834
      672000,6719.99984980,-36.12457449, 13.61877569,-22.50579880
      673000,6729.99984957,-35.27122959, 12.77963980,-22.49158979
      674000,6739.99984935,-35.29052423, 12.80836700,-22.48215723
      675000,6749.99984913,-36.57613679, 14.09588229,-22.48025450
      676000,6759.99984890,-34.40325282, 11.92488792,-22.47836490
      677000,6769.99984868,-35.64679046, 13.15164020,-22.49515026
      678000,6779.99984846,-36.17535857, 13.68102299,-22.49433559
      679000,6789.99984823,-37.39068476, 14.88970703,-22.50097773
      680000,6799.99984801,-34.68078990, 12.19135515,-22.48943475
      681000,6809.99984778,-37.95961246, 15.46762065,-22.49199180
      682000,6819.99984756,-33.56842384, 11.05546359,-22.51296025
      683000,6829.99984734,-36.37443078, 13.86877734,-22.50565344
      684000,6839.99984711,-32.96849941, 10.46270931,-22.50579010
      685000,6849.99984689,-36.92230833, 14.45058246,-22.47172587
      686000,6859.99984667,-37.03467424, 14.54038120,-22.49429304
      687000,6869.99984644,-34.57025335, 12.07837325,-22.49188010
      688000,6879.99984622,-35.72345716, 13.25317050,-22.47028666
      689000,6889.99984600,-35.81303132, 13.33403242,-22.47899890
      690000,6899.99984577,-36.13975180, 13.66449447,-22.47525733
      691000,6909.99984555,-37.79679252, 15.31630516,-22.48048736
      692000,6919.99984533,-40.27958605, 17.78623450,-22.49335155
      693000,6929.99984510,-35.61625932, 13.13046894,-22.48579038
      694000,6939.99984488,-37.17560341, 14.68062624,-22.49497718
      695000,6949.99984466,-35.60296987, 13.12563241,-22.47733747
      696000,6959.99984443,-32.12952666,  9.65101396,-22.47851271
      697000,6969.99984421,-36.04479252, 13.55418484,-22.49060768
      698000,6979.99984398,-36.88658812, 14.39141394,-22.49517417
      699000,6989.99984376,-35.06916509, 12.58926933,-22.47989576
      700000,6999.99984354,-36.10855213, 13.61728323,-22.49126890
      701000,7009.99984331,-38.45144385, 15.96022974,-22.49121411
      702000,7019.99984309,-36.67122630, 14.17432499,-22.49690131
      703000,7029.99984287,-33.27623872, 10.77035750,-22.50588122
      704000,7039.99984264,-36.53049858, 14.03408458,-22.49641400
      705000,7049.99984242,-36.43851956, 13.95368202,-22.48483754
      706000,7059.99984220,-35.98425307, 13.49589462,-22.48835846
      707000,7069.99984197,-37.71405316, 15.20689548,-22.50715768
      708000,7079.99984175,-36.52674482, 14.01645237,-22.51029245
      709000,7089.99984153,-32.71325031, 10.21007427,-22.50317603
      710000,7099.99984130,-40.73740974, 18.21957597,-22.51783378
      711000,7109.99984108,-33.80338137, 11.29353630,-22.50984507
      712000,7119.99984086,-34.58485776, 12.04718022,-22.53767754
      713000,7129.99984063,-33.18434648, 10.67196674,-22.51237974
      714000,7139.99984041,-35.50767524, 12.99067713,-22.51699811
      715000,7149.99984019,-36.32823719, 13.84017208,-22.48806511
      716000,7159.99983996,-36.57447648, 14.06975455,-22.50472193
      717000,7169.99983974,-33.51830040, 11.03287332,-22.48542707
      718000,7179.99983951,-35.41102028, 12.93370310,-22.47731717
      719000,7189.99983929,-41.13425466, 18.63393843,-22.50031623
      720000,7199.99983907,-37.45495529, 14.95254943,-22.50240586
      721000,7209.99983884,-36.29142543, 13.80052188,-22.49090355
      722000,7219.99983862,-34.18352345, 11.70529535,-22.47822810
      723000,7229.99983840,-39.23183037, 16.71876811,-22.51306226
      724000,7239.99983817,-37.32564260, 14.82783277,-22.49780982
      725000,7249.99983795,-35.00947941, 12.50898373,-22.50049568
      726000,7259.99983773,-36.62353225, 14.11962590,-22.50390635
      727000,7269.99983750,-35.15866034, 12.65924308,-22.49941726
      728000,7279.99983728,-36.10090759, 13.60555061,-22.49535698
      729000,7289.99983706,-35.41816589, 12.90832112,-22.50984476
      730000,7299.99983683,-37.30731875, 14.81402527,-22.49329348
      731000,7309.99983661,-39.22459451, 16.72328276,-22.50131174
      732000,7319.99983639,-34.18938207, 11.69617231,-22.49320975
      733000,7329.99983616,-37.57694875, 15.08389218,-22.49305657
      734000,7339.99983594,-34.28778620, 11.80440543,-22.48338076
      735000,7349.99983571,-36.90401843, 14.41540771,-22.48861073
      736000,7359.99983549,-36.78670466, 14.29006629,-22.49663837
      737000,7369.99983527,-35.65785060, 13.17890549,-22.47894511
      738000,7379.99983504,-34.29018167, 11.81188522,-22.47829645
      739000,7389.99983482,-37.33686682, 14.85382085,-22.48304597
      740000,7399.99983460,-34.07409527, 11.60513367,-22.46896160
      741000,7409.99983437,-33.72282254, 11.25000673,-22.47281581
      742000,7419.99983415,-37.58238115, 15.08569583,-22.49668532
      743000,7429.99983393,-34.72850365, 12.23668565,-22.49181800
      744000,7439.99983370,-37.22061840, 14.71089828,-22.50972012
      745000,7449.99983348,-38.76418687, 16.25313945,-22.51104742
      746000,7459.99983326,-35.31298464, 12.81126670,-22.50171794
      747000,7469.99983303,-34.75415576, 12.27253489,-22.48162086
      748000,7479.99983281,-35.78836500, 13.27960569,-22.50875931
      749000,7489.99983259,-36.56816240, 14.05086330,-22.51729910
      750000,7499.99983236,-34.05861682, 11.55949200,-22.49912482
      751000,7509.99983214,-36.59372082, 14.09432700,-22.49939382
      752000,7519.99983191,-36.85582491, 14.34874428,-22.50708063
      753000,7529.99983169,-35.05226510, 12.53809757,-22.51416753
      754000,7539.99983147,-37.70470789, 15.18030487,-22.52440302
      755000,7549.99983124,-36.23503942, 13.75015115,-22.48488826
      756000,7559.99983102,-36.18385608, 13.67122739,-22.51262870
      757000,7569.99983080,-35.18150849, 12.68308968,-22.49841880
      758000,7579.99983057,-34.80338564, 12.26384299,-22.53954266
      759000,7589.99983035,-33.91411624, 11.40509956,-22.50901668
      760000,7599.99983013,-35.77378010, 13.26365049,-22.51012960
      761000,7609.99982990,-36.71157116, 14.20424432,-22.50732685
      762000,7619.99982968,-36.79945376, 14.29200602,-22.50744774
      763000,7629.99982946,-32.91970533, 10.41613706,-22.50356828
      764000,7639.99982923,-33.51549276, 11.00654727,-22.50894549
      765000,7649.99982901,-39.15120665, 16.63717293,-22.51403372
      766000,7659.99982879,-39.55157946, 17.03079624,-22.52078323
      767000,7669.99982856,-35.41847198, 12.90304420,-22.51542778
      768000,7679.99982834,-35.34039574, 12.83638121,-22.50401453
      769000,7689.99982812,-34.76213937, 12.27499313,-22.48714624
      770000,7699.99982789,-35.97897771, 13.43808921,-22.54088850
      771000,7709.99982767,-33.43275973, 10.92701920,-22.50574054
      772000,7719.99982744,-36.40680776, 13.89814268,-22.50866508
      773000,7729.99982722,-35.70289645, 13.19068150,-22.51221495
      774000,7739.99982700,-36.40450734, 13.88987851,-22.51462883
      775000,7749.99982677,-36.93675282, 14.41498565,-22.52176717
      776000,7759.99982655,-35.49687992, 12.98363646,-22.51324346
      777000,7769.99982633,-34.43363332, 11.91759676,-22.51603656
      778000,7779.99982610,-35.25560457, 12.74259332,-22.51301125
      779000,7789.99982588,-35.26594956, 12.74305571,-22.52289385
      780000,7799.99982566,-34.51985115, 11.99904510,-22.52080605
      781000,7809.99982543,-34.93967727, 12.41445473,-22.52522255
      782000,7819.99982521,-34.66401533, 12.14263607,-22.52137926
      783000,7829.99982499,-39.26292063, 16.74071457,-22.52220606
      784000,7839.99982476,-38.27606233, 15.74825824,-22.52780409
      785000,7849.99982454,-38.85032900, 16.30437587,-22.54595313
      786000,7859.99982432,-38.95195392, 16.43443083,-22.51752309
      787000,7869.99982409,-33.35239150, 10.82426012,-22.52813137
      788000,7879.99982387,-35.97925076, 13.48645626,-22.49279450
      789000,7889.99982364,-33.92479899, 11.42224439,-22.50255460
      790000,7899.99982342,-36.56838152, 14.06178243,-22.50659909
      791000,7909.99982320,-36.55732575, 14.06306513,-22.49426062
      792000,7919.99982297,-35.45091189, 12.95603065,-22.49488125
      793000,7929.99982275,-34.12264584, 11.59336481,-22.52928102
      794000,7939.99982253,-34.77793568, 12.27372693,-22.50420875
      795000,7949.99982230,-32.23806575,  9.74353508,-22.49453067
      796000,7959.99982208,-36.87149634, 14.35164889,-22.51984745
      797000,7969.99982186,-38.36472707, 15.85145242,-22.51327465
      798000,7979.99982163,-33.17943234, 10.66209362,-22.51733872
      799000,7989.99982141,-36.38203474, 13.87760950,-22.50442524
      800000,7999.99982119,-37.28503634, 14.77331448,-22.51172187
      801000,8009.99982096,-35.25485441, 12.73851145,-22.51634296
      802000,8019.99982074,-37.62751996, 15.11779319,-22.50972677
      803000,8029.99982052,-36.70261157, 14.20211186,-22.50049971
      804000,8039.99982029,-35.66729740, 13.16027169,-22.50702572
      805000,8049.99982007,-38.36437710, 15.84262276,-22.52175433
      806000,8059.99981984,-32.75355192, 10.24433535,-22.50921657
      807000,8069.99981962,-36.32511216, 13.80565701,-22.51945516
      808000,8079.99981940,-35.26565994, 12.74747393,-22.51818600
      809000,8089.99981917,-40.79386592, 18.25912416,-22.53474175
      810000,8099.99981895,-39.38257523, 16.85380101,-22.52877422
      811000,8109.99981873,-37.43632014, 14.92659407,-22.50972607
      812000,8119.99981850,-32.75988939, 10.24229056,-22.51759883
      813000,8129.99981828,-35.00078407, 12.47252641,-22.52825766
      814000,8139.99981806,-37.04612648, 14.52131925,-22.52480723
      815000,8149.99981783,-37.81192125, 15.28655658,-22.52536467
      816000,8159.99981761,-38.00221385, 15.47311257,-22.52910127
      817000,8169.99981739,-36.47036045, 13.94719815,-22.52316229
      818000,8179.99981716,-35.37145656, 12.87809323,-22.49336334
      819000,8189.99981694,-37.90170756, 15.37816883,-22.52353873
      820000,8199.99981672,-35.14124761, 12.62562946,-22.51561815
      821000,8209.99981649,-33.63454037, 11.12778209,-22.50675828
      822000,8219.99981627,-35.92030141, 13.39964636,-22.52065506
      823000,8229.99981605,-35.15124502, 12.63017089,-22.52107414
      824000,8239.99981582,-34.45477862, 11.94211519,-22.51266343
      825000,8249.99981560,-41.08045594, 18.56743569,-22.51302025
      826000,8259.99981537,-32.89578846, 10.38138250,-22.51440596
      827000,8269.99981515,-34.88965784, 12.36521827,-22.52443957
      828000,8279.99981493,-34.92455680, 12.39349010,-22.53106669
      829000,8289.99981470,-34.23780256, 11.72815547,-22.50964709
      830000,8299.99981448,-37.50942101, 14.97089812,-22.53852289
      831000,8309.99981426,-36.81107484, 14.29730079,-22.51377406
      832000,8319.99981403,-32.47826054,  9.96100837,-22.51725217
      833000,8329.99981381,-36.00247361, 13.48598732,-22.51648630
      834000,8339.99981359,-33.77129941, 11.25196295,-22.51933646
      835000,8349.99981336,-35.03193608, 12.51042979,-22.52150628
      836000,8359.99981314,-35.53433242, 13.00983228,-22.52450014
      837000,8369.99981292,-36.09966580, 13.56665927,-22.53300653
      838000,8379.99981269,-35.33849280, 12.81360220,-22.52489060
      839000,8389.99981247,-34.24649923, 11.71712994,-22.52936930
      840000,8399.99981225,-34.97681747, 12.45085551,-22.52596196
      841000,8409.99981202,-33.56527807, 11.03720263,-22.52807543
      842000,8419.99981180,-34.30925189, 11.78091567,-22.52833622
      843000,8429.99981157,-36.14156254, 13.60877339,-22.53278915
      844000,8439.99981135,-33.58306792, 11.03966296,-22.54340497
      845000,8449.99981113,-37.35201535, 14.80922736,-22.54278799
      846000,8459.99981090,-35.63357751, 13.10651897,-22.52705854
      847000,8469.99981068,-36.05083139, 13.52088469,-22.52994670
      848000,8479.99981046,-31.52051586,  8.99176726,-22.52874860
      849000,8489.99981023,-40.01203925, 17.46957806,-22.54246118
      850000,8499.99981001,-33.55620492, 11.01177622,-22.54442870
      851000,8509.99980979,-32.32377359,  9.78517778,-22.53859581
      852000,8519.99980956,-40.92748255, 18.36094889,-22.56653366
      853000,8529.99980934,-34.00005829, 11.45810358,-22.54195471
      854000,8539.99980912,-34.67048980, 12.11871115,-22.55177864
      855000,8549.99980889,-37.95445243, 15.38216158,-22.57229085
      856000,8559.99980867,-35.40445251, 12.85412127,-22.55033125
      857000,8569.99980845,-38.35824077, 15.81028798,-22.54795279
      858000,8579.99980822,-36.19500868, 13.64625977,-22.54874891
      859000,8589.99980800,-34.29415903, 11.75182601,-22.54233302
      860000,8599.99980778,-36.46117050, 13.88756978,-22.57360072
      861000,8609.99980755,-34.18221315, 11.61705747,-22.56515569
      862000,8619.99980733,-34.20305740, 11.63575320,-22.56730420
      863000,8629.99980710,-34.65797109, 12.07885912,-22.57911197
      864000,8639.99980688,-35.35714904, 12.78081665,-22.57633238
      865000,8649.99980666,-34.72034529, 12.15419620,-22.56614909
      866000,8659.99980643,-36.31336791, 13.72142691,-22.59194099
      867000,8669.99980621,-38.37452672, 15.78618050,-22.58834622
      868000,8679.99980599,-33.76307256, 11.19846611,-22.56460645
      869000,8689.99980576,-34.71926361, 12.16036442,-22.55889919
      870000,8699.99980554,-35.52119098, 12.95926896,-22.56192203
      871000,8709.99980532,-40.12202434, 17.54254102,-22.57948332
      872000,8719.99980509,-33.75658936, 11.18792421,-22.56866515
      873000,8729.99980487,-33.61413004, 11.05252114,-22.56160890
      874000,8739.99980465,-34.79198829, 12.20899138,-22.58299691
      875000,8749.99980442,-34.29646441, 11.74097803,-22.55548638
      876000,8759.99980420,-33.62526407, 11.05924280,-22.56602127
      877000,8769.99980398,-35.46915837, 12.90338326,-22.56577511
      878000,8779.99980375,-35.51985169, 12.95815060,-22.56170109
      879000,8789.99980353,-35.63995003, 13.08043338,-22.55951665
      880000,8799.99980330,-31.73547140,  9.19555615,-22.53991525
      881000,8809.99980308,-36.16136981, 13.59851681,-22.56285300
      882000,8819.99980286,-37.95994811, 15.41322684,-22.54672127
      883000,8829.99980263,-36.92559034, 14.37302582,-22.55256453
      884000,8839.99980241,-39.15598194, 16.60776690,-22.54821504
      885000,8849.99980219,-33.84078821, 11.28141966,-22.55936855
      886000,8859.99980196,-38.74375873, 16.20449808,-22.53926065
      887000,8869.99980174,-37.60872545, 15.08008273,-22.52864272
      888000,8879.99980152,-39.37052222, 16.81863972,-22.55188251
      889000,8889.99980129,-38.14411261, 15.59983548,-22.54427713
      890000,8899.99980107,-37.79539402, 15.25616704,-22.53922698
      891000,8909.99980085,-33.74301795, 11.21611345,-22.52690449
      892000,8919.99980062,-32.57449276, 10.02840559,-22.54608717
      893000,8929.99980040,-35.76557865, 13.22816297,-22.53741568
      894000,8939.99980018,-31.24715370,  8.70853771,-22.53861599
      895000,8949.99979995,-34.57537272, 12.02882540,-22.54654732
      896000,8959.99979973,-36.08354083, 13.52607033,-22.55747051
      897000,8969.99979950,-36.40579304, 13.85670697,-22.54908607
      898000,8979.99979928,-37.07487214, 14.55065853,-22.52421361
      899000,8989.99979906,-35.17060020, 12.61251062,-22.55808959
      900000,8999.99979883,-35.38815483, 12.82931051,-22.55884432
      901000,9009.99979861,-36.19684425, 13.64087984,-22.55596441
      902000,9019.99979839,-33.68417667, 11.13599494,-22.54818173
      903000,9029.99979816,-34.69458095, 12.11324133,-22.58133963
      904000,9039.99979794,-36.61787826, 14.04639739,-22.57148086
      905000,9049.99979772,-38.49498283, 15.91966929,-22.57531354
      906000,9059.99979749,-36.94921543, 14.37282606,-22.57638938
      907000,9069.99979727,-34.67081925, 12.09851617,-22.57230308
      908000,9079.99979705,-35.45652235, 12.87315756,-22.58336479
      909000,9089.99979682,-35.44188667, 12.87573171,-22.56615496
      910000,9099.99979660,-37.63851684, 15.05662057,-22.58189627
      911000,9109.99979638,-36.93878145, 14.35538158,-22.58339987
      912000,9119.99979615,-35.35961826, 12.77642583,-22.58319243
      913000,9129.99979593,-37.59004179, 15.00133318,-22.58870860
      914000,9139.99979571,-35.31951046, 12.74907009,-22.57044037
      915000,9149.99979548,-39.63297968, 17.05676530,-22.57621439
      916000,9159.99979526,-35.36392974, 12.78693542,-22.57699432
      917000,9169.99979503,-35.64642348, 13.06028024,-22.58614324
      918000,9179.99979481,-32.31588862,  9.74270824,-22.57318038
      919000,9189.99979459,-36.34485348, 13.75019211,-22.59466137
      920000,9199.99979436,-39.79606443, 17.19902030,-22.59704413
      921000,9209.99979414,-32.42917702,  9.84459290,-22.58458411
      922000,9219.99979392,-35.63485404, 13.05110946,-22.58374458
      923000,9229.99979369,-34.96917018, 12.38226469,-22.58690549
      924000,9239.99979347,-34.41183457, 11.80836013,-22.60347443
      925000,9249.99979325,-34.21110050, 11.62121717,-22.58988333
      926000,9259.99979302,-34.64752099, 12.06893899,-22.57858200
      927000,9269.99979280,-35.63572965, 13.05173492,-22.58399474
      928000,9279.99979258,-38.11873186, 15.52715055,-22.59158131
      929000,9289.99979235,-38.00075702, 15.38787541,-22.61288162
      930000,9299.99979213,-34.84148167, 12.24276924,-22.59871242
      931000,9309.99979191,-37.59612806, 14.98971922,-22.60640884
      932000,9319.99979168,-34.93991525, 12.35368649,-22.58622876
      933000,9329.99979146,-37.13462221, 14.55124630,-22.58337591
      934000,9339.99979123,-36.03848937, 13.43406238,-22.60442699
      935000,9349.99979101,-36.24063898, 13.64783632,-22.59280266
      936000,9359.99979079,-33.19086084, 10.59840662,-22.59245422
      937000,9369.99979056,-34.94247159, 12.36087830,-22.58159329
      938000,9379.99979034,-38.77004903, 16.17829703,-22.59175200
      939000,9389.99979012,-35.09848653, 12.52876800,-22.56971853
      940000,9399.99978989,-38.16891209, 15.57826719,-22.59064490
      941000,9409.99978967,-37.06276640, 14.48185813,-22.58090827
      942000,9419.99978945,-33.07521553, 10.51266555,-22.56254998
      943000,9429.99978922,-35.70625036, 13.12507083,-22.58117954
      944000,9439.99978900,-38.80787706, 16.21046626,-22.59741080
      945000,9449.99978878,-34.80704329, 12.21378531,-22.59325798
      946000,9459.99978855,-37.78552430, 15.18451157,-22.60101274
      947000,9469.99978833,-37.83723396, 15.25132521,-22.58590875
      948000,9479.99978811,-37.21231982, 14.62868354,-22.58363628
      949000,9489.99978788,-34.95670442, 12.36894796,-22.58775646
      950000,9499.99978766,-39.40491534, 16.80811421,-22.59680113
      951000,9509.99978743,-34.23323189, 11.65675460,-22.57647729
      952000,9519.99978721,-35.89452602, 13.30686635,-22.58765967
      953000,9529.99978699,-37.72900731, 15.14284068,-22.58616664
      954000,9539.99978676,-32.57846786, 10.00780751,-22.57066035
      955000,9549.99978654,-33.25714873, 10.70631493,-22.55083380
      956000,9559.99978632,-39.66497274, 17.10399821,-22.56097452
      957000,9569.99978609,-33.36159693, 10.81525968,-22.54633726
      958000,9579.99978587,-38.09395559, 15.54766796,-22.54628763
      959000,9589.99978565,-34.00715402, 11.46585684,-22.54129719
      960000,9599.99978542,-38.57949416, 16.03313264,-22.54636151
      961000,9609.99978520,-34.10721128, 11.55379256,-22.55341872
      962000,9619.99978498,-31.87163256,  9.32679808,-22.54483448
      963000,9629.99978475,-34.44180540, 11.90820698,-22.53359842
      964000,9639.99978453,-32.29114854,  9.73670593,-22.55444261
      965000,9649.99978431,-36.01581581, 13.47071118,-22.54510463
      966000,9659.99978408,-38.55130246, 16.01694912,-22.53435333
      967000,9669.99978386,-36.11671076, 13.57241497,-22.54429579
      968000,9679.99978364,-40.00750306, 17.44546700,-22.56203606
      969000,9689.99978341,-34.17823215, 11.65779498,-22.52043717
      970000,9699.99978319,-40.32312044, 17.77596347,-22.54715697
      971000,9709.99978296,-36.76003058, 14.21620824,-22.54382234
      972000,9719.99978274,-35.83704354, 13.30522517,-22.53181837
      973000,9729.99978252,-38.79215916, 16.25269754,-22.53946162
      974000,9739.99978229,-37.71003053, 15.16610730,-22.54392323
      975000,9749.99978207,-37.54751924, 15.01061959,-22.53689965
      976000,9759.99978185,-35.40378784, 12.86111045,-22.54267739
      977000,9769.99978162,-33.76142133, 11.23057517,-22.53084617
      978000,9779.99978140,-34.86954889, 12.31473508,-22.55481381
      979000,9789.99978118,-37.53935784, 14.99306392,-22.54629393
      980000,9799.99978095,-34.03891740, 11.50526263,-22.53365478
      981000,9809.99978073,-38.19374848, 15.65401395,-22.53973453
      982000,9819.99978051,-37.46988972, 14.92770114,-22.54218858
      983000,9829.99978028,-36.45568952, 13.90829891,-22.54739061
      984000,9839.99978006,-34.08614461, 11.56931352,-22.51683109
      985000,9849.99977984,-33.37826601, 10.83199436,-22.54627165
      986000,9859.99977961,-32.73809534, 10.21357261,-22.52452273
      987000,9869.99977939,-35.47036539, 12.91975224,-22.55061315
      988000,9879.99977916,-35.80812499, 13.26394753,-22.54417746
      989000,9889.99977894,-34.30713459, 11.78083780,-22.52629679
      990000,9899.99977872,-35.79518246, 13.25538432,-22.53979814
      991000,9909.99977849,-35.04102703, 12.49219038,-22.54883665
      992000,9919.99977827,-37.12892658, 14.57377298,-22.55515360
      993000,9929.99977805,-36.92824843, 14.36207737,-22.56617106
      994000,9939.99977782,-36.31434363, 13.75523689,-22.55910674
      995000,9949.99977760,-34.90850639, 12.34067577,-22.56783062
      996000,9959.99977738,-39.97112107, 17.39438765,-22.57673343
      997000,9969.99977715,-36.20370382, 13.63047117,-22.57323265
      998000,9979.99977693,-34.04030381, 11.47440604,-22.56589777
      999000,9989.99977671,-37.33316506, 14.78152852,-22.55163655
